Forecast horizon: 4, RMSE: 0.55, Context: 4, Dropout: 0
[3.2999957 3.1933608 3.088886  3.0880275]
[2.92356579 2.59122693 2.40751347 2.57632564]

Forecast horizon: 16, RMSE: 0.74, Context: 4, Dropout: 0
[3.8029177 3.111334  3.0857918 2.9593346 2.9659119 2.314125  2.1405787
 2.4156537 2.0895488 2.3388147 2.1851196 2.4540637 2.313577  2.7395313
 2.9109087 2.8055806]
[3.27178051 3.71872131 3.69405516 3.24578749 3.13948193 3.32315971
 3.1059809  3.16574298 3.47513124 3.3577312  3.25021014 2.97562853
 2.92356579 2.59122693 2.40751347 2.57632564]

Forecast horizon: 28, RMSE: 0.74, Context: 4, Dropout: 0
[7.713453  7.728165  7.676934  8.149313  7.8382983 7.162484  6.9631853
 7.0202255 6.19921   5.1199093 5.083268  4.718235  3.7909658 3.8243082
 2.7426114 3.4243388 2.9991133 2.402036  2.9062877 2.6611674 3.2270193
 3.2578118 2.8603003 3.7170048 3.705618  3.2631207 3.8021972 2.7975173]
[8.44981875 8.21880648 8.19827155 7.75194079 7.119466   6.41149825
 6.3621233  5.96552269 4.93509023 4.94105913 4.1206896  3.05326174
 3.27178051 3.71872131 3.69405516 3.24578749 3.13948193 3.32315971
 3.1059809  3.16574298 3.47513124 3.3577312  3.25021014 2.97562853
 2.92356579 2.59122693 2.40751347 2.57632564]

Forecast horizon: 40, RMSE: 1.39, Context: 4, Dropout: 0
[3.990189  4.5382175 4.391251  5.296682  6.1297307 6.720648  6.371982
 7.365505  6.9655323 7.032928  7.1026535 6.6791377 7.2854586 7.1362095
 6.8641567 6.5987377 5.525339  6.0484767 5.346258  5.315863  4.171443
 3.6100707 3.3258348 2.7809033 1.9365076 1.2405193 0.9572851 2.2277684
 1.340984  0.9133151 1.8776108 2.5098438 2.013444  2.1861882 2.8541586
 3.257941  4.0902267 3.7797153 4.977973  5.0241866]
[5.25757716 5.17531211 5.36101034 6.21904407 6.8625309  7.1765806
 7.56976664 7.94891932 8.5474312  8.2518594  8.53299659 8.98974374
 8.44981875 8.21880648 8.19827155 7.75194079 7.119466   6.41149825
 6.3621233  5.96552269 4.93509023 4.94105913 4.1206896  3.05326174
 3.27178051 3.71872131 3.69405516 3.24578749 3.13948193 3.32315971
 3.1059809  3.16574298 3.47513124 3.3577312  3.25021014 2.97562853
 2.92356579 2.59122693 2.40751347 2.57632564]

Forecast horizon: 52, RMSE: 1.91, Context: 4, Dropout: 0
[1.7744637 1.4078962 1.5157621 1.4883814 1.3790834 1.3380649 1.1454597
 1.3353088 1.64483   1.436488  2.1258588 2.0055585 2.4686046 3.0758312
 2.9940221 3.7205834 3.8906496 4.5111275 4.8753786 5.308139  5.4437447
 6.051962  6.6332564 7.15502   7.2775493 7.7972026 7.618683  8.449881
 7.8927164 8.806133  8.237756  7.8861933 7.9558682 8.031442  7.373781
 7.147893  6.413024  5.954443  5.3216734 5.3677235 4.928062  4.2218714
 4.295722  3.9218566 3.508664  3.2848928 2.6365747 2.6314282 3.0596933
 2.4978125 2.6406524 2.7931328]
[1.25189548 1.3932651  1.52908185 1.48929532 1.45437577 1.59997518
 1.50330588 1.80644713 2.18479745 3.33217122 4.92636253 5.31509237
 5.25757716 5.17531211 5.36101034 6.21904407 6.8625309  7.1765806
 7.56976664 7.94891932 8.5474312  8.2518594  8.53299659 8.98974374
 8.44981875 8.21880648 8.19827155 7.75194079 7.119466   6.41149825
 6.3621233  5.96552269 4.93509023 4.94105913 4.1206896  3.05326174
 3.27178051 3.71872131 3.69405516 3.24578749 3.13948193 3.32315971
 3.1059809  3.16574298 3.47513124 3.3577312  3.25021014 2.97562853
 2.92356579 2.59122693 2.40751347 2.57632564]

Forecast horizon: 4, RMSE: 0.30, Context: 4, Dropout: 0.2
[3.1546865 3.022906  2.7498586 2.5787387]
[2.92356579 2.59122693 2.40751347 2.57632564]

Forecast horizon: 16, RMSE: 0.90, Context: 4, Dropout: 0.2
[2.8444304 2.6909235 2.6251419 2.3361983 2.410788  2.077971  2.0280044
 2.2077148 1.8874171 2.212905  2.2244375 2.4082794 2.4704418 2.1971288
 2.4227178 2.6306443]
[3.27178051 3.71872131 3.69405516 3.24578749 3.13948193 3.32315971
 3.1059809  3.16574298 3.47513124 3.3577312  3.25021014 2.97562853
 2.92356579 2.59122693 2.40751347 2.57632564]

Forecast horizon: 28, RMSE: 0.83, Context: 4, Dropout: 0.2
[6.96061   6.788552  7.42299   7.124443  6.678458  6.7641335 6.8790264
 6.5579357 6.107125  5.9768243 5.441164  4.8542085 4.7045736 3.8141553
 3.3175328 3.301121  2.5874228 2.6354458 2.6650841 2.527138  2.6695964
 2.4604425 2.6650436 2.5719104 2.8542707 2.3824635 2.5081363 2.640913 ]
[8.44981875 8.21880648 8.19827155 7.75194079 7.119466   6.41149825
 6.3621233  5.96552269 4.93509023 4.94105913 4.1206896  3.05326174
 3.27178051 3.71872131 3.69405516 3.24578749 3.13948193 3.32315971
 3.1059809  3.16574298 3.47513124 3.3577312  3.25021014 2.97562853
 2.92356579 2.59122693 2.40751347 2.57632564]

Forecast horizon: 40, RMSE: 1.01, Context: 4, Dropout: 0.2
[4.0736036 4.1710668 4.938873  5.360619  5.525563  5.9820857 5.917392
 7.0138187 7.1578293 7.32655   7.5771585 7.9243755 8.209419  8.243142
 8.062078  8.647828  7.9878836 7.6821184 6.8927145 7.0935926 6.174547
 5.3402576 5.847798  4.696616  4.508415  3.6129754 3.537965  3.310238
 2.613005  2.2322679 2.026495  2.3014307 1.802943  1.589556  2.1979194
 2.045296  1.8806674 2.4935775 2.482863  2.610186 ]
[5.25757716 5.17531211 5.36101034 6.21904407 6.8625309  7.1765806
 7.56976664 7.94891932 8.5474312  8.2518594  8.53299659 8.98974374
 8.44981875 8.21880648 8.19827155 7.75194079 7.119466   6.41149825
 6.3621233  5.96552269 4.93509023 4.94105913 4.1206896  3.05326174
 3.27178051 3.71872131 3.69405516 3.24578749 3.13948193 3.32315971
 3.1059809  3.16574298 3.47513124 3.3577312  3.25021014 2.97562853
 2.92356579 2.59122693 2.40751347 2.57632564]

Forecast horizon: 52, RMSE: 2.10, Context: 4, Dropout: 0.2
[1.686774  1.8115529 1.8326786 1.7182304 2.5589213 1.7953228 1.8726045
 1.7950588 1.8037525 2.1561272 2.6246822 2.3651793 2.6053243 2.7529392
 3.3338633 3.8372848 3.5960383 4.374534  4.695334  4.7092996 5.465189
 5.9750094 6.64243   6.7051554 7.292876  7.311567  7.502261  7.4682603
 7.94734   8.407312  8.266409  8.0995035 7.918362  7.858589  7.7810564
 6.8471184 7.093908  6.8014603 6.9140296 6.363658  5.4910803 5.604932
 5.4835973 4.7177043 4.7120843 4.1102066 3.9685953 3.6690543 3.2524967
 3.1152017 2.914248  2.6468194]
[1.25189548 1.3932651  1.52908185 1.48929532 1.45437577 1.59997518
 1.50330588 1.80644713 2.18479745 3.33217122 4.92636253 5.31509237
 5.25757716 5.17531211 5.36101034 6.21904407 6.8625309  7.1765806
 7.56976664 7.94891932 8.5474312  8.2518594  8.53299659 8.98974374
 8.44981875 8.21880648 8.19827155 7.75194079 7.119466   6.41149825
 6.3621233  5.96552269 4.93509023 4.94105913 4.1206896  3.05326174
 3.27178051 3.71872131 3.69405516 3.24578749 3.13948193 3.32315971
 3.1059809  3.16574298 3.47513124 3.3577312  3.25021014 2.97562853
 2.92356579 2.59122693 2.40751347 2.57632564]

Forecast horizon: 4, RMSE: 0.80, Context: 1, Dropout: 0
[3.3796158 3.4064825 3.43721   3.3573675]
[2.92356579 2.59122693 2.40751347 2.57632564]

Forecast horizon: 16, RMSE: 0.84, Context: 1, Dropout: 0
[4.0964613 3.5220766 3.5502524 3.048391  2.4639888 2.409807  2.3260705
 2.2333155 1.8264722 2.0105743 1.8854362 2.2469914 2.0759065 2.3341613
 2.2592223 2.2964804]
[3.27178051 3.71872131 3.69405516 3.24578749 3.13948193 3.32315971
 3.1059809  3.16574298 3.47513124 3.3577312  3.25021014 2.97562853
 2.92356579 2.59122693 2.40751347 2.57632564]

Forecast horizon: 28, RMSE: 1.06, Context: 1, Dropout: 0
[6.4887815 6.485605  7.0073557 7.257715  6.9898825 7.2294984 7.014494
 6.7791038 6.4761553 6.098008  5.7915916 5.4632273 4.7147975 4.314574
 3.998231  3.5079417 3.3017778 3.423976  3.0617232 2.4617324 2.317353
 2.027037  2.3784373 2.157865  2.191208  2.161744  2.2525702 2.044703 ]
[8.44981875 8.21880648 8.19827155 7.75194079 7.119466   6.41149825
 6.3621233  5.96552269 4.93509023 4.94105913 4.1206896  3.05326174
 3.27178051 3.71872131 3.69405516 3.24578749 3.13948193 3.32315971
 3.1059809  3.16574298 3.47513124 3.3577312  3.25021014 2.97562853
 2.92356579 2.59122693 2.40751347 2.57632564]

Forecast horizon: 40, RMSE: 1.42, Context: 1, Dropout: 0
[4.1648545  4.6965814  4.7519627  5.345457   6.428458   6.3034573
 6.9316773  7.3916316  7.403341   8.220128   8.304762   8.091082
 9.040336   8.732535   9.054876   9.159955   8.536572   8.524122
 7.607871   7.418044   6.758749   5.8539615  5.7680473  5.3778462
 4.1703773  3.5634065  2.986248   2.5323913  1.8283464  1.7780291
 1.6025625  1.1380692  0.7185557  0.9019093  0.910202   1.017617
 0.8128939  0.4752731  1.1645741  0.89531076]
[5.25757716 5.17531211 5.36101034 6.21904407 6.8625309  7.1765806
 7.56976664 7.94891932 8.5474312  8.2518594  8.53299659 8.98974374
 8.44981875 8.21880648 8.19827155 7.75194079 7.119466   6.41149825
 6.3621233  5.96552269 4.93509023 4.94105913 4.1206896  3.05326174
 3.27178051 3.71872131 3.69405516 3.24578749 3.13948193 3.32315971
 3.1059809  3.16574298 3.47513124 3.3577312  3.25021014 2.97562853
 2.92356579 2.59122693 2.40751347 2.57632564]

Forecast horizon: 52, RMSE: 2.88, Context: 1, Dropout: 0
[1.8537942 1.8895916 1.9305296 1.9614121 1.7677131 1.6368715 1.9542291
 1.711319  1.7068305 1.6944602 2.0032318 2.0207808 2.3965144 2.255732
 2.8651173 2.8986027 3.2325234 3.663488  3.6944497 4.251138  4.417965
 4.5519714 5.1165237 5.448719  5.8252625 6.101611  6.684124  6.662496
 6.997896  7.1124415 7.2485766 7.5089808 7.617744  7.4655356 7.454448
 7.5895705 7.42292   7.547795  7.4359007 7.275133  7.1966376 7.0578384
 6.9193215 6.6762114 6.5116186 6.8656583 6.4418764 5.8149986 6.1221204
 5.8724427 5.860918  5.4654527]
[1.25189548 1.3932651  1.52908185 1.48929532 1.45437577 1.59997518
 1.50330588 1.80644713 2.18479745 3.33217122 4.92636253 5.31509237
 5.25757716 5.17531211 5.36101034 6.21904407 6.8625309  7.1765806
 7.56976664 7.94891932 8.5474312  8.2518594  8.53299659 8.98974374
 8.44981875 8.21880648 8.19827155 7.75194079 7.119466   6.41149825
 6.3621233  5.96552269 4.93509023 4.94105913 4.1206896  3.05326174
 3.27178051 3.71872131 3.69405516 3.24578749 3.13948193 3.32315971
 3.1059809  3.16574298 3.47513124 3.3577312  3.25021014 2.97562853
 2.92356579 2.59122693 2.40751347 2.57632564]

Forecast horizon: 4, RMSE: 0.73, Context: 1, Dropout: 0.2
[3.5392022 3.2933755 3.310175  3.247585 ]
[2.92356579 2.59122693 2.40751347 2.57632564]

Forecast horizon: 16, RMSE: 0.74, Context: 1, Dropout: 0.2
[3.546117  3.2128117 3.0698822 2.8500624 2.797331  2.6598432 2.5369608
 2.5007665 2.2407103 2.2205768 2.0726545 2.1463509 2.0515254 1.9880449
 2.056922  1.8953476]
[3.27178051 3.71872131 3.69405516 3.24578749 3.13948193 3.32315971
 3.1059809  3.16574298 3.47513124 3.3577312  3.25021014 2.97562853
 2.92356579 2.59122693 2.40751347 2.57632564]

Forecast horizon: 28, RMSE: 1.27, Context: 1, Dropout: 0.2
[5.8073916 6.300869  6.1172895 6.4095397 6.357868  6.6343346 6.5586734
 6.4170327 6.406459  6.2388835 6.0107303 5.6888576 5.3714614 5.054396
 4.585687  4.258696  3.8134465 3.6336446 3.397293  3.2304835 2.7496297
 2.698884  2.4067478 2.235335  1.9046427 1.9035251 1.8263339 1.7447709]
[8.44981875 8.21880648 8.19827155 7.75194079 7.119466   6.41149825
 6.3621233  5.96552269 4.93509023 4.94105913 4.1206896  3.05326174
 3.27178051 3.71872131 3.69405516 3.24578749 3.13948193 3.32315971
 3.1059809  3.16574298 3.47513124 3.3577312  3.25021014 2.97562853
 2.92356579 2.59122693 2.40751347 2.57632564]

Forecast horizon: 40, RMSE: 1.77, Context: 1, Dropout: 0.2
[4.05337   4.1615624 4.8740907 3.9446082 5.2691298 4.698429  4.8605604
 5.3068957 5.446172  5.573232  5.6033616 6.058133  6.6728773 6.6997423
 6.8664985 6.719914  6.7356467 6.5627112 6.411602  6.632465  6.455337
 6.7318544 5.8738256 6.2469563 5.400965  5.5330343 5.1836057 4.91906
 4.8640265 4.9365478 4.2154584 5.0288596 4.230315  4.4966893 4.441712
 4.536088  3.8680825 3.3472369 3.688966  3.7332482]
[5.25757716 5.17531211 5.36101034 6.21904407 6.8625309  7.1765806
 7.56976664 7.94891932 8.5474312  8.2518594  8.53299659 8.98974374
 8.44981875 8.21880648 8.19827155 7.75194079 7.119466   6.41149825
 6.3621233  5.96552269 4.93509023 4.94105913 4.1206896  3.05326174
 3.27178051 3.71872131 3.69405516 3.24578749 3.13948193 3.32315971
 3.1059809  3.16574298 3.47513124 3.3577312  3.25021014 2.97562853
 2.92356579 2.59122693 2.40751347 2.57632564]

Forecast horizon: 52, RMSE: 2.85, Context: 1, Dropout: 0.2
[2.2623038 2.3698072 2.2358253 1.9803908 2.1803813 1.9854343 1.9886727
 1.9975967 2.1701295 2.0001562 2.282691  2.4086492 2.4246724 2.6996872
 2.8853154 3.0845828 3.1570678 3.2875133 3.4235232 3.8449929 3.9445312
 4.1465907 4.4079065 4.996895  4.96303   5.101853  5.425584  5.779516
 5.880773  6.277846  6.436263  6.706706  6.550329  6.508304  6.5475907
 6.9244776 6.6777573 6.823027  6.9363093 7.0920405 6.946262  6.434111
 6.5886583 6.7581806 6.720889  6.2209663 6.2847176 6.04117   6.0695324
 5.861497  6.12521   5.704207 ]
[1.25189548 1.3932651  1.52908185 1.48929532 1.45437577 1.59997518
 1.50330588 1.80644713 2.18479745 3.33217122 4.92636253 5.31509237
 5.25757716 5.17531211 5.36101034 6.21904407 6.8625309  7.1765806
 7.56976664 7.94891932 8.5474312  8.2518594  8.53299659 8.98974374
 8.44981875 8.21880648 8.19827155 7.75194079 7.119466   6.41149825
 6.3621233  5.96552269 4.93509023 4.94105913 4.1206896  3.05326174
 3.27178051 3.71872131 3.69405516 3.24578749 3.13948193 3.32315971
 3.1059809  3.16574298 3.47513124 3.3577312  3.25021014 2.97562853
 2.92356579 2.59122693 2.40751347 2.57632564]

Forecast horizon: 4, RMSE: 0.17, Context: 12, Dropout: 0.2
[2.895362  2.7840223 2.6832871 2.5822923]
[2.92356579 2.59122693 2.40751347 2.57632564]

Forecast horizon: 16, RMSE: 0.41, Context: 12, Dropout: 0.2
[3.8878512 3.494727  3.2882836 3.3729448 3.1452847 2.9924574 3.0595393
 3.019705  3.1228304 3.2154384 3.0092053 3.3437042 3.1039746 3.3245153
 3.1622    3.2677567]
[3.27178051 3.71872131 3.69405516 3.24578749 3.13948193 3.32315971
 3.1059809  3.16574298 3.47513124 3.3577312  3.25021014 2.97562853
 2.92356579 2.59122693 2.40751347 2.57632564]

Forecast horizon: 28, RMSE: 0.90, Context: 12, Dropout: 0.2
[7.2585826 7.928609  7.624304  8.199659  8.017054  7.3946066 7.351937
 6.313002  6.675436  6.082425  5.954985  5.0490155 4.649616  4.199383
 3.8802514 4.0101414 3.7146816 2.607591  2.9299598 2.8179755 2.9857569
 2.9963014 2.4608476 2.4221225 2.3669841 2.545485  3.166424  2.2689629]
[8.44981875 8.21880648 8.19827155 7.75194079 7.119466   6.41149825
 6.3621233  5.96552269 4.93509023 4.94105913 4.1206896  3.05326174
 3.27178051 3.71872131 3.69405516 3.24578749 3.13948193 3.32315971
 3.1059809  3.16574298 3.47513124 3.3577312  3.25021014 2.97562853
 2.92356579 2.59122693 2.40751347 2.57632564]

Forecast horizon: 40, RMSE: 0.93, Context: 12, Dropout: 0.2
[4.2269998 4.7991147 5.33535   5.867726  6.0726438 6.534557  8.006908
 7.9225545 7.953112  8.29234   8.773622  9.153492  8.930823  9.349671
 9.329196  8.493978  8.784513  7.9997106 7.976367  7.3890557 7.0212
 6.1933494 5.5486865 4.9763794 4.527631  3.6283345 3.113748  3.6241097
 2.9200797 2.604332  2.4665127 2.7044024 2.1717153 2.6237094 3.1745493
 2.838652  2.8111567 3.6374583 2.7678292 2.9330828]
[5.25757716 5.17531211 5.36101034 6.21904407 6.8625309  7.1765806
 7.56976664 7.94891932 8.5474312  8.2518594  8.53299659 8.98974374
 8.44981875 8.21880648 8.19827155 7.75194079 7.119466   6.41149825
 6.3621233  5.96552269 4.93509023 4.94105913 4.1206896  3.05326174
 3.27178051 3.71872131 3.69405516 3.24578749 3.13948193 3.32315971
 3.1059809  3.16574298 3.47513124 3.3577312  3.25021014 2.97562853
 2.92356579 2.59122693 2.40751347 2.57632564]

Forecast horizon: 52, RMSE: 1.83, Context: 12, Dropout: 0.2
[1.581814  1.3294182 1.7485197 1.4346641 1.4538285 1.6775671 1.3773788
 1.757929  1.8054205 1.4553124 1.9214503 2.2284992 2.7367823 2.8535073
 2.8286548 3.411728  3.9303937 4.342856  4.4017024 5.095114  5.4103603
 6.2624655 6.597826  6.4028277 6.852091  7.420457  7.219653  7.3602867
 7.9782534 7.7560043 7.7788296 7.714018  7.3736954 7.2362223 6.872162
 6.350971  6.09986   5.6026087 5.527082  5.423131  4.653768  4.4423556
 3.7400584 3.6893692 3.4743407 2.9105132 2.9445086 2.7115436 2.687268
 2.3503642 2.040101  2.041322 ]
[1.25189548 1.3932651  1.52908185 1.48929532 1.45437577 1.59997518
 1.50330588 1.80644713 2.18479745 3.33217122 4.92636253 5.31509237
 5.25757716 5.17531211 5.36101034 6.21904407 6.8625309  7.1765806
 7.56976664 7.94891932 8.5474312  8.2518594  8.53299659 8.98974374
 8.44981875 8.21880648 8.19827155 7.75194079 7.119466   6.41149825
 6.3621233  5.96552269 4.93509023 4.94105913 4.1206896  3.05326174
 3.27178051 3.71872131 3.69405516 3.24578749 3.13948193 3.32315971
 3.1059809  3.16574298 3.47513124 3.3577312  3.25021014 2.97562853
 2.92356579 2.59122693 2.40751347 2.57632564]

Forecast horizon: 4, RMSE: 0.23, Context: 6, Dropout: 0.5
[2.8337479 2.7834487 2.7683818 2.773814 ]
[2.92356579 2.59122693 2.40751347 2.57632564]

Forecast horizon: 16, RMSE: 1.17, Context: 6, Dropout: 0.5
[2.7578897 2.7454982 2.6134322 2.1963127 2.273228  2.083361  2.062824
 1.9000502 1.5660405 1.6305078 1.641103  1.8035744 1.7753173 1.7461482
 1.96869   1.854623 ]
[3.27178051 3.71872131 3.69405516 3.24578749 3.13948193 3.32315971
 3.1059809  3.16574298 3.47513124 3.3577312  3.25021014 2.97562853
 2.92356579 2.59122693 2.40751347 2.57632564]

Forecast horizon: 28, RMSE: 1.09, Context: 6, Dropout: 0.5
[5.9375005 6.3683867 6.3765945 6.682543  6.742213  6.749986  6.524031
 6.0102596 5.9138756 6.1056547 5.2380176 5.6353292 5.189377  4.6811676
 4.492582  4.2464423 4.0377417 3.6984506 3.5733094 3.2364402 3.030939
 2.7666774 2.8926184 2.633608  2.4361115 2.4702427 2.135251  2.2300448]
[8.44981875 8.21880648 8.19827155 7.75194079 7.119466   6.41149825
 6.3621233  5.96552269 4.93509023 4.94105913 4.1206896  3.05326174
 3.27178051 3.71872131 3.69405516 3.24578749 3.13948193 3.32315971
 3.1059809  3.16574298 3.47513124 3.3577312  3.25021014 2.97562853
 2.92356579 2.59122693 2.40751347 2.57632564]

Forecast horizon: 40, RMSE: 1.44, Context: 6, Dropout: 0.5
[4.2806525 4.4166636 5.1143527 5.1476536 5.432741  5.861938  4.9202847
 5.724887  6.267723  6.531998  6.227981  6.787374  6.7682495 6.5665793
 6.6121345 6.2400885 6.775328  7.376941  7.553916  5.9961305 6.3498755
 5.7546453 6.208805  5.7565794 5.3844    5.2989883 3.7670925 4.6071577
 4.419472  3.5967138 3.665618  4.182683  3.4501073 4.1067114 3.5147293
 3.9899607 3.2517343 3.9861724 3.7328985 3.8255982]
[5.25757716 5.17531211 5.36101034 6.21904407 6.8625309  7.1765806
 7.56976664 7.94891932 8.5474312  8.2518594  8.53299659 8.98974374
 8.44981875 8.21880648 8.19827155 7.75194079 7.119466   6.41149825
 6.3621233  5.96552269 4.93509023 4.94105913 4.1206896  3.05326174
 3.27178051 3.71872131 3.69405516 3.24578749 3.13948193 3.32315971
 3.1059809  3.16574298 3.47513124 3.3577312  3.25021014 2.97562853
 2.92356579 2.59122693 2.40751347 2.57632564]

Forecast horizon: 52, RMSE: 2.81, Context: 6, Dropout: 0.5
[2.316419  2.3128657 2.1915898 2.4110465 2.2469194 2.0860865 1.9302732
 1.8788635 2.1718655 1.91136   2.1126678 2.204405  2.4575121 2.4424665
 3.055889  3.240869  2.7605565 3.0671144 3.6260433 3.8789847 4.175272
 4.0792828 4.3737593 4.8133903 4.825715  4.7150393 5.3418536 5.8732038
 6.022083  6.392634  6.5658894 6.6675086 6.1837306 6.4801054 6.5619545
 7.0921154 6.6251616 6.1565776 7.1921678 6.599036  6.2194667 5.94324
 6.5608697 6.014095  6.116964  6.3663282 6.4883    6.47819   5.4314837
 5.8355927 6.1562967 5.5347624]
[1.25189548 1.3932651  1.52908185 1.48929532 1.45437577 1.59997518
 1.50330588 1.80644713 2.18479745 3.33217122 4.92636253 5.31509237
 5.25757716 5.17531211 5.36101034 6.21904407 6.8625309  7.1765806
 7.56976664 7.94891932 8.5474312  8.2518594  8.53299659 8.98974374
 8.44981875 8.21880648 8.19827155 7.75194079 7.119466   6.41149825
 6.3621233  5.96552269 4.93509023 4.94105913 4.1206896  3.05326174
 3.27178051 3.71872131 3.69405516 3.24578749 3.13948193 3.32315971
 3.1059809  3.16574298 3.47513124 3.3577312  3.25021014 2.97562853
 2.92356579 2.59122693 2.40751347 2.57632564]

